0 0.087558 0.464675 0.029602 0.098313
0 0.211231 0.449161 0.014082 0.069393
0 0.279999 0.430762 0.014837 0.057549
0 0.299894 0.422369 0.011465 0.057549
0 0.333951 0.410380 0.005395 0.026377
0 0.340208 0.405476 0.008603 0.022432
0 0.353687 0.417202 0.006883 0.023452
0 0.359996 0.420770 0.008030 0.040785
0 0.388673 0.408025 0.009177 0.033648
0 0.392401 0.416692 0.008603 0.040785
0 0.429395 0.411594 0.009177 0.038746
0 0.417350 0.412613 0.009177 0.036707
0 0.441917 0.407005 0.008603 0.039766
0 0.848944 0.355514 0.010897 0.032628
0 0.860415 0.349396 0.015486 0.036707
0 0.884217 0.362651 0.022942 0.077492
0 0.904578 0.351945 0.021221 0.068316
0 0.986308 0.321696 0.017206 0.033648
0 0.367643 0.417032 0.012618 0.050982
8 0.582723 0.298244 0.005735 0.027530
8 0.637592 0.276832 0.005735 0.019373
8 0.646195 0.280400 0.006883 0.026511
8 0.725345 0.282949 0.005735 0.025491
2 0.541905 0.381514 0.010897 0.023452
0 0.511507 0.383044 0.005162 0.012236
0 0.487992 0.391201 0.007456 0.018353
0 0.504338 0.382534 0.006883 0.011216
2 0.522978 0.389671 0.014339 0.029569
2 0.514088 0.395279 0.008030 0.018353
2 0.499176 0.405476 0.033266 0.036707
2 0.940711 0.408544 0.117577 0.150924
2 0.984014 0.459517 0.030971 0.128474
2 0.331892 0.446771 0.060796 0.062198
2 0.706609 0.525035 0.429012 0.460362
