9 0.496987 0.297458 0.015211 0.031202
0 0.702042 0.390855 0.039782 0.172650
0 0.765226 0.390855 0.037442 0.172650
7 0.397239 0.394704 0.012871 0.022881
7 0.407184 0.399904 0.016381 0.024961
7 0.500790 0.408224 0.028082 0.037442
7 0.520681 0.408224 0.021061 0.041602
7 0.539402 0.409265 0.025742 0.043683
7 0.563974 0.410305 0.023401 0.041602
7 0.593811 0.419665 0.019891 0.039522
7 0.611362 0.416545 0.029252 0.054083
7 0.640613 0.416545 0.026912 0.062404
7 0.795940 0.423825 0.028082 0.085285
7 0.733341 0.438386 0.031592 0.085285
7 0.815246 0.425906 0.043293 0.089445
7 0.867315 0.411345 0.077225 0.131048
7 0.931083 0.414465 0.052653 0.128968
7 0.969696 0.412385 0.038612 0.149769
7 0.990757 0.444627 0.017551 0.089445
2 0.375983 0.407738 0.044463 0.066498
2 0.446187 0.417065 0.093606 0.089445
9 0.170245 0.378063 0.010531 0.014561
