2 0.413242 0.496110 0.015211 0.018721
2 0.451269 0.498190 0.014041 0.018721
2 0.389841 0.517951 0.022231 0.037442
2 0.377555 0.522111 0.016381 0.054083
2 0.345378 0.528352 0.036272 0.070724
2 0.293310 0.540637 0.093606 0.104397
0 0.429038 0.506510 0.016381 0.039522
0 0.472916 0.504430 0.005850 0.039522
0 0.495147 0.499230 0.010531 0.041602
0 0.486371 0.483629 0.007020 0.027042
0 0.511528 0.503390 0.015211 0.066564
0 0.523814 0.501310 0.011701 0.054083
0 0.533759 0.503390 0.012871 0.062404
0 0.544875 0.502350 0.014041 0.060324
0 0.901161 0.498190 0.083075 0.451387
0 0.359419 0.523151 0.019891 0.118567
0 0.267568 0.505470 0.021061 0.045763
0 0.254697 0.513791 0.014041 0.058243
0 0.232466 0.523151 0.011701 0.101926
0 0.189759 0.513791 0.029252 0.087365
0 0.151731 0.525231 0.037442 0.139368
0 0.124820 0.526272 0.025742 0.141448
0 0.090888 0.547073 0.023401 0.153929
